Ind	ID	Cross	gi	weight	AA	GG	AG	GA	matA	matG
AA1_GCCAAT_L001	SRR1542647	AA	34.98356981	1.82	1	0	0	0	1	0
AA12_TTAGGC_L006	SRR1542645	AA	49.50023743	1.8	1	0	0	0	1	0
AA13_AGTCAA_L006	SRR1542642	AA	39.9954145	0.94	1	0	0	0	1	0
AA15_GCCAAT_L007	SRR1542641	AA	42.92803607	1.38	1	0	0	0	1	0
AA17_TTAGGC_L008	SRR1542640	AA	46.84649338	2.6	1	0	0	0	1	0
AA26_AGTCAA_L008	SRR1542639	AA	44.66632178	1.49	1	0	0	0	1	0
AA6_TTAGGC_L002	SRR1542648	AA	37.59119807	1.5	1	0	0	0	1	0
AA8_AGTCAA_L002	SRR1542644	AA	41.3404608	1.94	1	0	0	0	1	0
AA9_GCCAAT_L003	SRR1542643	AA	30.79573088	1.46	1	0	0	0	1	0
AG1_ACAGTG_L001	SRR1542605	AG	60.34528456	1.73	0	0	1	0	1	0
AG12_CAGATC_L002	SRR1542617	AG	48.69462771	3.05	0	0	1	0	1	0
AG19_ACAGTG_L003	SRR1542615	AG	37.60178696	2.57	0	0	1	0	1	0
AG25_GTTTCG_L003	SRR1542613	AG	54.56507949	2.66	0	0	1	0	1	0
AG43_CAGATC_L006	SRR1542611	AG	40.7954625	1.35	0	0	1	0	1	0
AG49_ACAGTG_L007	SRR1542612	AG	38.14516129	2.57	0	0	1	0	1	0
AG5_GTTTCG_L001	SRR1542618	AG	37.87895896	2.09	0	0	1	0	1	0
AG58_GTTTCG_L007	SRR1542609	AG	19.42346977	1.25	0	0	1	0	1	0
AG59_CAGATC_L008	SRR1542608	AG	30.50855286	1.32	0	0	1	0	1	0
GA12_GTTTCG_L006	SRR1542631	GA	30.32266325	0.67	0	0	0	1	0	1
GA13_CAGATC_L007	SRR1542619	GA	26.32991102	0.65	0	0	0	1	0	1
GA17_ACAGTG_L008	SRR1542633	GA	27.43054739	0.74	0	0	0	1	0	1
GA2_CAGATC_L001	SRR1542625	GA	49.18158457	2.35	0	0	0	1	0	1
GA20_GTTTCG_L008	SRR1542632	GA	36.69737153	0.46	0	0	0	1	0	1
GA3_ACAGTG_L002	SRR1542624	GA	30.91052588		0	0	0	1	0	1
GA4_GTTTCG_L002	SRR1542622	GA	28.65512782	2.64	0	0	0	1	0	1
GA5_CAGATC_L003	SRR1542621	GA	35.12154704	1.93	0	0	0	1	0	1
GA6_ACAGTG_L006	SRR1542620	GA	39.63148732	0.87	0	0	0	1	0	1
GG16_AGTCAA_L003	SRR1542655	GG	21.19959422	1.08	0	1	0	0	0	1
GG17_GCCAAT_L006	SRR1542654	GG	25.8613347	0.92	0	1	0	0	0	1
GG19_TTAGGC_L007	SRR1542652	GG	16.02375587	1.6	0	1	0	0	0	1
GG21_AGTCAA_L007	SRR1542651	GG	28.06073676	1.28	0	1	0	0	0	1
GG24_GCCAAT_L008	SRR1542650	GG	30.94483889	0.87	0	1	0	0	0	1
GG3_TTAGGC_L001	SRR1542662	GG	21.07088479	1.71	0	1	0	0	0	1
GG4_AGTCAA_L001	SRR1542660	GG	32.12167559	1.26	0	1	0	0	0	1
GG5_GCCAAT_L002	SRR1542659	GG	32.67240821	2.18	0	1	0	0	0	1
GG9_TTAGGC_L003	SRR1542656	GG	20.58303207	1.32	0	1	0	0	0	1
